150 1
151 1
152 1
153 1
154 1
155 1
156 1
157 1
158 1
159 1
160 1
161 1
162 1
163 1
164 1
165 1
166 1
167 1
168 1
172 1
189 1
190 1
191 1
192 1
193 1
194 1
195 1
196 1
197 1
198 1
199 1
200 1
201 1
202 1
203 1
204 1
205 1
206 1
207 1
208 1
209 1
210 1
211 1
212 1
213 1
214 1
215 1
216 1
217 1
218 1
219 1
2507 1
2508 1
2509 1
2510 1
2511 1
2512 1
2513 1
2514 1
2515 1
2516 1
2517 1
2518 1
2519 1
2520 1
2521 1
2522 1
2523 1
2524 1
2525 1
2526 1
2527 1
2528 1
2529 1
2530 1
2531 1
2532 1
2533 1
2534 1
2535 1
2536 1
2537 1
2538 1
2539 1
2540 1
2541 1
2542 1
2543 1
2544 1
2545 1
2546 1
2547 1
2548 1
2549 1
2550 1
2551 1
2552 1
2553 1
2554 1
2555 1
2556 1
2557 1
2558 1
2559 1
2560 1
2561 1
2562 1
2563 1
2564 1
2565 1
2566 1
2567 1
2568 1
2569 1
2570 1
2571 1
2572 1
2573 1
2574 1
2575 1
2576 1
2577 1
2578 1
2579 1
2580 1
2581 1
2582 1
2583 1
2584 1
2585 1
2586 1
2877 1
2878 1
2879 1
2880 1
2881 1
2882 1
2883 1
2884 1
2885 1
2886 1
2887 1
2888 1
2889 1
2890 1
2891 1
2892 1
2893 1
2894 1
2895 1
2896 1
2897 1
2898 1
2899 1
2900 1
2901 1
2902 1
2903 1
2904 1
2905 1
2906 1
2907 1
2908 1
2909 1
2910 1
2911 1
2912 1
2913 1
2914 1
2915 1
2916 1
2917 1
2918 1
2919 1
2920 1
2921 1
2922 1
2923 1
2924 1
2925 1
2926 1
2927 1
2928 1
2929 1
2930 1
2931 1
2932 1
2933 1
2934 1
2935 1
2936 1
2937 1
2938 1
2939 1
2940 1
2941 1
2942 1
2943 1
2944 1
2945 1
2946 1
2947 1
2948 1
2949 1
2950 1
2951 1
2952 1
2953 1
2954 1
2955 1
2956 1
2957 1
2958 1
2959 1
2960 1
2961 1
2962 1
2963 1
2964 1
2965 1
2966 1
2967 1
2968 1
2969 1
2970 1
2971 1
2972 1
2973 1
2974 1
2975 1
2976 1
2977 1
2978 1
2979 1
2980 1
2981 1
2982 1
2983 1
2984 1
2985 1
2986 1
2987 1
2988 1
2989 1
2990 1
2991 1
2992 1
2993 1
2994 1
2995 1
2996 1
2997 1
2998 1
2999 1
3000 1
519 1
520 1
521 1
522 1
523 1
524 1
525 1
526 1
527 1
528 1
529 1
530 1
531 1
532 1
533 1
534 1
535 1
536 1
787 1
788 1
789 1
79 1
790 1
791 1
792 1
793 1
794 1
795 1
796 1
797 1
798 1
799 1
80 1
800 1
801 1
802 1
803 1
804 1
805 1
806 1
807 1
808 1
809 1
81 1
810 1
811 1
812 1
813 1
814 1
815 1
816 1
817 1
818 1
819 1
82 1
820 1
821 1
822 1
823 1
824 1
825 1
826 1
827 1
828 1
829 1
83 1
830 1
831 1
832 1
833 1
834 1
835 1
836 1
837 1
838 1
839 1
84 1
840 1
841 1
842 1
843 1
844 1
845 1
846 1
847 1
848 1
849 1
85 1
850 1
851 1
852 1
853 1
854 1
855 1
856 1
857 1
858 1
859 1
86 1
860 1
861 1
862 1
863 1
864 1
865 1
866 1
867 1
868 1
869 1
87 1
870 1
871 1
872 1
873 1
874 1
875 1
876 1
877 1
878 1
879 1
88 1
880 1
881 1
882 1
883 1
884 1
885 1
886 1
887 1
888 1
889 1
89 1
890 1
891 1
892 1
893 1
894 1
895 1
896 1
897 1
898 1
899 1
90 1
900 1
901 1
902 1
903 1
904 1
905 1
906 1
907 1
908 1
909 1
91 1
910 1
911 1
912 1
913 1
914 1
915 1
916 1
917 1
918 1
919 1
92 1
920 1
921 1
922 1
93 1
932 1
933 1
934 1
935 1
936 1
937 1
938 1
939 1
94 1
940 1
941 1
942 1
943 1
944 1
945 1
946 1
947 1
948 1
949 1
95 1
950 1
951 1
952 1
953 1
