1157
1158
1159
1160
1161
1162
1163
1164
1165
1166
1167
1168
1169
1170
1171
1172
1173
1174
1175
1176
1177
1178
1179
1180
1181
1182
1340
1341
1342
1343
1344
1345
1346
1347
1348
1349
1350
1351
1352
1353
1354
1355
1374
1375
1376
1377
1378
1379
1380
1381
1382
1383
1384
1385
1386
1387
1388
1389
1390
1391
1392
1393
1394
1395
1396
1397
1398
1399
1400
1401
1405
1406
1407
1408
1409
1410
1411
1412
1413
1414
1418
1419
1420
1421
1422
1423
1424
1425
1426
1427
1428
1429
1430
1431
1432
1433
1434
1435
1436
1437
1438
1439
1440
1441
1442
1443
1444
1445
1446
1447
1448
1449
1450
1451
1452
1453
1454
1455
1456
1457
1458
1459
1460
1461
1482
1483
1484
1485
1486
1487
1488
1493
1494
1495
1513
1514
1515
1516
1517
1518
1519
1520
1530
1531
1532
1533
1534
1535
1536
1537
1538
1539
1540
1541
1542
1548
1549
1550
1551
1552
1553
1554
161
162
163
164
165
166
167
168
169
170
171
172
173
174
1798
1799
1800
1801
1802
1803
1804
1805
1806
1807
1808
1809
1810
1811
1812
1813
1814
1815
1816
1817
1818
1819
1820
1821
1822
1823
1824
1825
1826
1827
1828
1829
1830
1831
1832
1833
1834
1835
1836
1837
1838
1839
1840
1841
1842
1843
1844
1845
1846
1847
1848
1849
1850
1851
1852
1853
1854
1855
1856
1857
1858
1859
1883
1884
1885
1886
1887
1888
1889
1890
1891
1892
1893
1894
1895
1896
1897
1898
1899
1900
1901
1902
1903
1904
1905
1906
1907
1908
1909
1910
1911
1912
1913
1914
1915
1916
1917
1918
1919
1920
1921
1922
1923
1924
1925
1926
1927
1928
1929
1930
1931
1932
1933
1934
1935
1936
1937
198
199
1991
1992
1993
200
201
202
203
2039
204
2040
2041
2042
2043
2044
2045
2046
2047
2048
2049
205
2050
2051
2052
2053
2054
2055
2056
2057
2058
2059
206
2060
2061
2062
2063
2064
2065
2066
2067
2068
2069
207
2070
2071
2072
2073
2074
2075
2076
2077
2078
2079
208
2080
2081
2082
2083
2084
2085
2086
2087
2088
2089
209
2090
2091
2092
2093
2094
2095
2096
2097
2098
2099
210
2100
2101
2102
2103
2104
2105
2106
2107
2108
2109
211
2110
2111
2112
2113
2114
2115
2116
2117
2118
2119
212
2120
2121
2122
2123
2124
2125
2126
2127
2128
2129
213
2130
2131
2132
2133
2134
2135
2136
2137
2138
2139
214
2140
2141
2142
2143
2144
2145
2146
2147
2148
2149
215
216
217
218
219
2198
2199
220
2200
2201
2202
2203
2204
2205
2206
2207
2208
2209
221
2210
2211
2212
2213
2214
2215
2216
2217
2218
2219
222
2220
2221
2222
2223
2224
2225
2226
2227
2228
2229
223
2230
2231
2232
2233
2234
2235
2236
2237
2238
2239
224
2240
2241
2242
2243
2244
2245
2246
2247
2248
2249
225
2250
2251
2252
2253
2254
2255
2256
2257
2258
2259
226
2260
2261
2262
2263
2264
2265
2266
2267
2268
2269
227
2277
228
229
230
231
232
233
234
235
236
237
238
2387
2388
2389
239
2390
2391
2392
2393
2394
2395
2396
2397
2398
2399
240
2400
2401
2402
2403
2404
2405
2406
2407
2408
2409
241
2410
2411
2412
2413
2414
2415
2416
2417
2418
2419
242
2420
2421
2422
2423
2424
2425
2426
2427
2428
2429
243
2430
2431
2432
2433
2434
2435
2436
2437
2438
2439
244
2440
2441
2442
2443
2444
2445
2446
2447
2448
2449
245
2450
2451
2452
2453
2454
2455
2456
2457
2458
2459
246
2460
2461
2462
2463
2464
2465
2466
2467
2468
2469
247
2470
2471
2472
2473
2474
2475
2476
2477
2478
2479
2480
2481
2482
2483
2484
2485
2486
2487
2488
2489
2490
2491
2492
2493
2494
2495
2496
2497
2498
2499
2500
2501
2502
2503
2504
2505
2506
2507
2508
2509
2510
2511
2512
2513
2514
2515
2516
2517
2518
2519
2520
2521
2522
2523
2524
2525
2526
2527
2528
2529
2530
2531
2532
2533
2534
2535
2536
2537
2538
2539
2540
2541
2542
2543
2544
2545
2546
2547
2548
2549
2550
2551
2552
2553
2554
2555
2556
2557
2558
2559
2560
2561
2562
2563
2564
2565
2566
2567
2568
2569
2570
2571
2572
2573
2574
2575
2654
2655
2656
2657
2658
2659
2660
2661
2662
2663
2664
2665
2666
2667
2668
2669
2670
2671
2672
2673
2674
2675
2676
2677
2678
2679
2680
2681
2682
2683
2684
2685
2686
2687
2688
2689
2690
2691
2692
2693
2694
2695
2696
2697
2698
2699
2700
2701
2702
2703
2704
2705
2706
2707
2708
2709
2710
2711
2712
2713
2714
2715
2716
2717
2718
2719
2720
2721
2722
2723
2724
2725
2726
2727
2728
2729
2730
2731
2732
2733
2734
2735
2736
2737
2738
2739
2740
2741
2742
2743
2744
2745
2746
2747
2748
2749
2750
2751
2752
2753
2754
2755
2756
2757
2758
2759
2760
2761
2762
2763
2764
2765
2766
2767
2768
2769
2770
2771
2772
2778
2779
2782
2783
2784
2785
2786
2787
2788
2789
2790
2791
2792
2793
2794
2795
2799
2800
2801
2802
2815
2816
2817
2818
2819
2820
2821
2822
2823
2824
2825
2826
2827
2828
2829
2830
2831
2832
2833
2834
2835
2836
2842
2843
2844
2845
2846
2847
2848
2849
2850
2851
2852
2853
2854
2855
2856
2867
2868
2869
2870
2871
2872
2873
2874
2875
2876
2877
2878
2879
2880
2881
2882
2883
2884
2885
2886
2887
2888
2889
2890
2891
2925
2926
2927
2928
2929
2930
2931
2932
2933
2957
2958
2959
2960
2961
2962
2963
2964
2965
2966
2967
2968
2969
2970
2971
2972
2973
2974
2975
2976
2977
2978
2979
2980
2981
2982
2983
2984
2985
2986
2987
2988
2989
2990
2991
2992
2993
2994
2995
2996
2997
2998
2999
3000
3001
3002
3003
3004
3005
3006
3007
3008
541
542
543
544
545
546
547
548
549
550
551
552
553
554
555
556
557
558
559
560
561
562
563
564
565
566
567
568
569
570
571
572
573
574
575
576
577
578
579
598
599
600
601
602
603
604
605
606
607
608
609
610
611
612
613
614
615
616
617
618
619
620
621
622
623
624
625
626
627
628
629
630
631
632
633
634
635
636
637
638
639
640
641
642
643
644
645
646
647
648
649
650
651
652
653
654
655
666
667
668
669
670
671
672
673
674
675
697
698
699
700
701
702
703
704
705
706
721
722
723
724
725
726
727
728
729
730
731
732
733
734
735
736
737
738
739
740
741
772
773
774
775
776
777
778
779
780
781
782
783
784
785
786
787
788
789
790
791
792
793
794
795
796
797
798
799
80
800
801
802
803
804
805
806
807
808
809
81
810
811
812
813
814
815
816
817
818
819
82
820
821
822
823
824
825
826
827
828
829
83
830
831
832
833
834
835
836
837
838
839
84
840
841
842
843
844
845
846
847
848
849
85
850
851
852
853
854
855
856
857
858
859
86
860
861
862
863
864
865
866
867
868
869
87
870
871
872
873
874
875
876
877
878
879
88
880
881
882
883
884
885
886
887
888
889
89
890
891
892
893
894
895
896
897
898
899
90
900
901
902
903
904
905
906
907
908
909
91
910
911
912
913
914
915
916
917
918
919
92
93
94
95
